
hello
hello
hello there
ther
hello 
therre
hello
there
hello
there
hello
there
hello
there
hello
there
h
h
h
there
hello
there
hello
hello
1
2
hello1
hello2
hello1
2
3
5
4
hello
1
2
3
4
1
2
3
4
5
1
2
1
1
4
4
1
1
2
34
1
2
3
4
5
1
2
3
4
5
1
2
3
4
5
6
hello
1
2
3
4
1
2
3
4
5
1
2
3
4
5
1
2
3
4
5
hello
1
2
3
4
1
2
3
4
5
6
1234
3
4
5
6
2
21
3
1
2
11
1
11
1
2
1
2
1
1
2
3
4
1
2
3
4
1
2
3
4
1
2
1234
1
2
3
1
2
3
4
5
1
2
3
4
1
2
3
4
5
12
1
1
3
3
1
2
3
4
5
1
2
34
5
1
2
3
4
5
1
2
3
4
5
6
1
2
3
4
5
6
1
2
34
5
6
7
1
2
3
4
5
6
78
8
9
1
2
3
4
5
6
7
8
9
10
1
2
3
4
5
6
7
8
9
10
1
2
3
4
5
6
7
8
9
10
1
23
4
5
6
7
8
9
10
11
1
2
3
4
5
6
7
8
9
10
1
2
3
4
5
6
7
8
9
10
1
2
3
1
2
3
4
1
2
3
4
5
1
2
3
4
5
3
1
2
3
4
5
6
1
1
2
1
2
1
2
1
2
1
2
1
2
3
1
2
3
4
1
2
3
4
5
1
2
34
5
1
2
1
2
1
2
1
2
1
2
1
2
1
2
1
2
1
1
1
1
1
1
1
2
1
2
3
4
3
4
5
6
1
2
3
4
5
6
7
8
9
10
1
2
3
4
5
6
7
8
9
10
1
2
3
4
5
6
7
8
9
3
4
5
6
7
8
9
10
1
2
3
4
5
6
7
8
9
10
1
2
34
3
4
5
6
7
8
9
10
1
2
3
4
5
6
7
8
9
10
1
2
3
4
5
6
7
8
9
10
1
2
34
3
4
5
6
7
8
9
10
1
2
3
4
5
6
7
8
9
10
1
2
3
4
5
6
7
8
9
10
3
4
5
6
7
8
9
10
1
2
3
4
5
6
7
8
1
2
3
4
5
6
7
8
9
10
1
2
3
4
5
6
7
8
9
10
1
1
1
1
2
1
2
3
4
1
2
3
4
5
6
7
8
9
10
1
2
1
2
3
4
5
6
7
8
9
10
1
2
3
1
2
3
4
5
6
1
2
3
4
5
1
2
3
4
5
1
2
3
4
5
6
1
7
8
9
10
1
2
3
4
5
6
7
8
9
10
1
2
3
4
5
6
7
8
9
10
1
2
3
4
5
6
7
8
9
10
1
2
3
4
5
6
8
9
10
1
2
3
4
5
6
7
8
9
10
1
2
3
4
5
6
7
8
9
10
1
2
3
4
5
6
7
8
9
10
1
2
3
4
5
6
7
8
9
10
1
2
3
4
5
6
7
8
9
10
1
2
3
4
5
6
7
8
9
10
1
2
3
4
5
7
7
8
9
10
1
2
3
4
5
6
7
8
9
10
1
2
3
4
5
6
7
8
9
10
11
12
13
14
15
16
17
19
20
22
12
12
12
10
1
2
3
4
5
6
1
2
23
4
5
6
6
1
2
3
4
5
6
7
8
9
0
1
1
